512
-11 15 0 0 1
-11 16 0 0 3
-11 17 0 488 3
-11 18 0 488 3
-11 19 0 424 2
-10 1 0 0 1
-9 1 0 0 1
-10 2 0 0 3
-10 3 0 296 2
-9 2 0 0 3
-9 3 0 296 3
-9 4 0 264 3
-9 5 0 296 3
-9 6 0 392 3
-9 7 0 232 3
-9 8 0 296 3
-9 9 0 424 3
-9 10 0 424 3
-9 11 0 264 3
-10 13 0 0 1
-9 12 0 328 3
-9 13 0 424 3
-10 14 0 0 3
-10 15 0 392 3
-9 14 0 232 3
-9 15 232 456 6
-10 16 0 0 3
-10 17 0 488 3
-9 16 232 0 c
-9 17 232 488 c
-10 18 0 488 3
-10 19 0 424 2
-9 18 232 488 c
-9 19 232 424 8
-8 1 136 0 4
-7 1 168 0 5
-8 2 136 0 c
-8 3 136 296 8
-7 2 328 0 f
-7 3 328 328 f
-8 4 0 264 0
-8 5 0 296 0
-7 4 328 264 e
-7 5 328 296 d
-8 6 0 392 0
-8 7 0 232 0
-7 6 328 392 f
-7 7 328 488 f
-8 8 0 296 0
-8 9 0 424 0
-7 8 328 360 e
-7 9 328 424 c
-8 10 0 424 0
-8 11 0 264 0
-7 10 328 424 c
-7 11 328 264 c
-8 12 0 328 0
-8 13 296 424 4
-7 12 328 328 c
-7 13 328 424 c
-8 14 296 232 c
-8 15 488 456 c
-7 14 296 232 c
-7 15 296 456 8
-8 16 488 0 c
-8 17 488 488 c
-8 18 488 296 c
-8 19 488 424 8
-6 1 0 0 1
-5 0 0 0 1
-5 1 200 0 7
-6 2 0 0 3
-6 3 0 328 3
-5 2 200 72 e
-5 3 200 328 c
-6 4 0 168 2
-6 5 0 0 1
-5 4 200 168 8
-5 5 360 0 4
-6 6 0 0 3
-6 7 0 488 3
-5 6 360 0 c
-5 7 360 488 c
-6 8 0 456 2
-5 8 8 456 8
-6 14 0 0 1
-6 15 0 0 3
-5 14 0 0 1
-5 15 0 0 3
-6 16 0 360 2
-5 16 0 360 2
-3 -2 0 0 1
-3 -1 0 0 3
-4 0 0 0 1
-4 1 392 0 7
-3 0 232 264 7
-3 1 232 40 f
-4 2 456 72 e
-4 3 456 328 c
-3 2 232 136 a
-4 4 456 136 8
-4 5 360 0 4
-4 6 360 0 c
-4 7 360 488 c
-4 8 360 456 8
-4 14 456 0 5
-4 15 456 0 f
-3 14 296 0 5
-3 15 296 0 f
-4 16 456 360 b
-4 17 0 232 3
-3 16 296 360 b
-3 17 0 392 2
-4 18 0 488 2
-3 18 0 488 0
-2 -2 0 0 1
-2 -1 0 0 3
-1 -2 424 0 5
-1 -1 424 0 f
-2 0 392 264 6
-2 1 392 40 c
-1 0 424 264 e
-1 1 424 40 c
-2 2 392 136 8
-2 3 0 0 1
-1 2 424 136 8
-1 3 0 0 1
-2 4 0 0 3
-2 5 0 456 2
-1 4 0 0 3
-1 5 0 456 2
-2 14 360 0 4
-2 15 360 0 c
-1 14 424 0 4
-1 15 424 0 c
-2 16 360 360 c
-2 17 200 392 c
-1 16 424 360 c
-1 17 392 392 8
-2 18 200 488 8
1 -4 0 0 1
1 -3 0 0 3
0 -2 104 0 5
0 -1 104 0 f
1 -2 40 360 7
1 -1 40 360 e
0 0 104 264 a
1 0 40 264 8
0 3 328 0 4
1 3 392 0 4
0 4 328 0 c
0 5 328 456 8
1 4 392 0 c
1 5 392 456 8
2 -4 0 0 0
2 -3 0 0 0
3 -4 360 0 4
3 -3 360 0 c
2 -2 136 360 4
2 -1 136 360 c
3 -2 360 360 c
3 -1 360 360 8
2 0 136 264 8